26 66
69 8
78 40
26 65
86 96
15 26
44 91
68 84
1 63
89 67
86 67
94 57
95 54
88 15
48 35
47 67
8 32
5 52
44 58
34 88
58 63
50 99
94 40
51 84
1 79
54 12
81 94
84 98
95 71
11 62
5 80
35 85
75 97
36 44
15 14
20 86
56 28
8 65
82 98
9 80
89 30
51 91
5 36
7 15
77 28
52 44
31 34
89 70
77 71
86 94
32 4
48 68
20 51
65 67
3 93
51 88
96 72
50 10
34 33
72 90
31 42
98 62
49 35
84 20
98 43
77 57
58 23
1 52
14 81
30 8
13 18
7 100
61 26
9 48
3 13
63 98
88 50
11 25
23 84
25 23
55 65
49 12
100 33
97 26
36 69
35 17
77 32
46 24
16 68
67 22
90 35
96 89
20 21
18 40
28 53
25 74
45 84
81 50
67 16
21 63